0 76
1 76
2 76
3 76
4 76
5 76
6 76
7 76
8 76
9 76
10 76
11 76
12 76
13 76
14 76
15 76
16 76
17 76
18 76
19 76
20 76
21 76
22 76
23 76
24 76
25 76
26 76
27 76
28 76
29 76
30 76
31 76
32 76
33 76
34 76
35 76
36 76
37 76
38 76
39 76
40 76
41 76
42 76
43 76
44 76
45 76
46 76
47 76
48 76
49 76
50 76
51 76
52 76
53 76
54 76
55 76
56 76
57 76
58 76
59 76
60 76
61 76
62 76
63 76
64 76
65 76
66 76
67 76
68 76
69 76
70 76
71 76
72 76
73 76
74 76
75 76
76 76
77 76
78 76
79 76
80 76
81 76
82 76
83 76
84 76
85 76
86 76
87 76
88 76
89 76
90 76
91 76
92 76
93 76
94 76
95 76
96 76
97 76
98 76
99 76
100 76
101 76
102 76
103 76
104 76
105 76
106 76
107 76
108 76
109 76
110 76
111 76
112 76
113 76
114 76
115 76
116 76
117 76
118 76
119 76
120 76
121 76
122 76
123 76
124 76
125 76
126 76
127 76
128 76
129 76
130 76
131 76
132 76
133 76
134 76
135 76
136 76
137 76
138 76
139 76
140 76
141 76
142 76
143 76
144 76
145 76
146 76
147 76
148 76
149 76
150 76
151 76
152 76
153 76
154 76
155 76
156 76
157 76
158 76
159 76
160 76
161 76
162 76
163 76
164 76
165 76
166 76
167 76
168 76
169 76
170 76
171 76
172 76
173 76
174 76
175 76
176 76
177 76
178 76
179 76
180 76
181 76
182 76
183 76
184 76
185 76
186 76
187 76
188 76
189 76
190 76
191 76
192 76
193 76
194 76
195 76
196 76
197 76
198 76
199 76
200 76
201 76
202 76
203 76
204 76
205 76
206 76
207 76
208 76
209 76
210 76
211 76
212 76
213 76
214 76
215 76
216 76
217 76
218 76
219 76
220 76
221 76
222 76
223 76
224 76
225 76
226 76
227 76
228 76
229 76
230 76
231 76
232 76
233 76
234 76
235 76
236 76
237 76
238 76
239 76
240 76
241 76
242 76
243 76
244 76
245 76
246 76
247 76
248 76
249 76
250 76
251 72
252 72
253 72
254 72
255 72
256 72
257 72
258 72
259 72
260 72
261 72
262 72
263 72
264 72
265 72
266 72
267 72
268 72
269 72
270 72
271 72
272 72
273 72
274 72
275 72
276 72
277 72
278 72
279 72
280 72
281 72
282 72
283 72
284 72
285 72
286 72
287 72
288 72
289 72
290 72
291 72
292 72
293 72
294 72
295 72
296 72
297 72
298 72
299 72
300 72
301 72
302 72
303 72
304 72
305 72
306 72
307 72
308 72
309 72
310 72
311 72
312 72
313 72
314 72
315 72
316 72
317 72
318 72
319 72
320 72
321 72
322 72
323 72
324 72
325 72
326 72
327 72
328 72
329 72
330 72
331 72
332 72
333 72
334 72
335 72
336 72
337 72
338 72
339 72
340 72
341 72
342 72
343 72
344 72
345 72
346 72
347 72
348 72
349 72
350 72
351 72
352 72
353 72
354 72
355 72
356 72
357 72
358 72
359 72
360 72
361 72
362 72
363 72
364 72
365 72
366 72
367 72
368 72
369 72
370 72
371 72
372 72
373 72
374 72
375 72
376 72
377 72
378 72
379 72
380 72
381 72
382 72
383 72
384 72
385 72
386 72
387 72
388 72
389 72
390 72
391 72
392 72
393 72
394 72
395 72
396 72
397 72
398 72
399 72
400 72
401 72
402 72
403 72
404 72
405 72
406 72
407 72
408 72
409 72
410 72
411 72
412 72
413 72
414 72
415 72
416 72
417 72
418 72
419 72
420 72
421 72
422 72
423 72
424 72
425 72
426 72
427 72
428 72
429 72
430 72
431 72
432 72
433 72
434 72
435 72
436 72
437 72
438 72
439 72
440 72
441 72
442 72
443 72
444 72
445 87
446 87
447 87
448 87
449 87
450 87
451 87
452 87
453 87
454 87
455 87
456 87
457 87
458 87
459 87
460 87
461 87
462 87
463 87
464 87
465 87
466 87
467 87
468 87
469 87
470 87
471 87
472 87
473 87
474 87
475 87
476 87
477 87
478 87
479 87
480 87
481 87
482 87
483 87
484 87
485 87
486 87
487 87
488 87
489 87
490 87
491 87
492 87
493 87
494 87
495 87
496 87
497 87
498 87
499 87
500 87
501 87
502 87
503 87
504 87
505 87
506 87
507 87
508 87
509 87
510 87
511 87
512 87
513 87
514 87
515 87
516 87
517 87
518 87
519 87
520 87
521 87
522 87
523 87
524 87
525 87
526 87
527 87
528 87
529 87
530 87
531 87
532 87
533 87
534 87
535 87
536 87
537 87
538 87
539 87
540 87
541 87
542 87
543 87
544 87
545 87
546 87
547 87
548 87
549 87
550 87
551 87
552 87
553 87
554 87
555 87
556 87
557 87
558 87
559 87
560 87
561 87
562 87
563 87
564 87
565 87
566 87
567 87
568 87
569 87
570 87
571 87
572 87
573 87
574 87
575 87
576 87
577 87
578 87
579 87
580 87
581 87
582 87
583 87
584 87
585 87
586 87
587 87
588 87
589 87
590 87
591 87
592 87
593 87
594 87
595 87
596 87
597 88
598 88
599 88
600 88
601 88
602 88
603 88
604 88
605 88
606 88
607 88
608 88
609 88
610 88
611 88
612 88
613 88
614 88
615 88
616 88
617 88
618 88
619 88
620 88
621 88
622 88
623 88
624 88
625 88
626 88
627 88
628 88
629 88
630 88
631 88
632 88
633 88
634 88
635 88
636 88
637 88
638 88
639 88
640 88
641 88
642 88
643 88
644 88
645 88
646 88
647 88
648 88
649 88
650 88
651 88
652 88
653 88
654 88
655 88
656 88
657 88
658 88
659 88
660 88
661 88
662 88
663 88
664 88
665 88
666 88
667 88
668 88
669 88
670 88
671 88
672 88
673 88
674 88
675 88
676 88
677 88
678 88
679 88
680 88
681 88
682 88
683 88
684 88
685 88
686 88
687 88
688 88
689 88
690 88
691 88
692 88
693 88
694 88
695 88
696 88
697 88
698 88
699 88
700 88
701 88
702 88
703 88
704 88
705 88
706 88
707 88
708 88
709 88
710 88
711 88
712 88
713 88
714 88
715 88
716 88
717 88
718 88
719 88
720 88
721 88
722 88
723 88
724 88
725 88
726 88
727 88
728 88
729 88
730 88
731 88
732 88
733 88
734 88
735 88
736 88
737 88
738 88
739 88
740 88
741 88
742 88
743 88
744 88
745 88
746 88
747 88
748 88
749 88
750 88
751 88
752 88
753 88
754 88
755 88
756 88
757 88
758 88
759 88
760 88
761 88
762 88
763 88
764 88
765 88
766 88
767 88
768 88
769 88
770 88
771 88
772 88
773 88
774 88
775 88
776 88
777 88
778 88
779 88
780 80
781 80
782 80
783 80
784 80
785 80
786 80
787 80
788 80
789 80
790 80
791 80
792 80
793 80
794 80
795 80
796 80
797 80
798 80
799 80
800 80
801 80
802 80
803 80
804 80
805 80
806 80
807 80
808 80
809 80
810 80
811 80
812 80
813 80
814 80
815 80
816 80
817 80
818 80
819 80
820 80
821 80
822 80
823 80
824 80
825 80
826 80
827 80
828 80
829 80
830 80
831 80
832 80
833 80
834 80
835 80
836 80
837 80
838 80
839 80
840 80
841 80
842 80
843 80
844 80
845 80
846 80
847 80
848 80
849 80
850 80
851 80
852 80
853 80
854 80
855 80
856 80
857 80
858 80
859 80
860 80
861 80
862 80
863 80
864 80
865 80
866 80
867 80
868 80
869 80
870 80
871 80
872 80
873 80
874 80
875 80
876 80
877 80
878 80
879 80
880 80
881 80
882 80
883 80
884 80
885 80
886 80
887 80
888 80
889 80
890 80
891 80
892 80
893 80
894 80
895 80
896 80
897 80
898 80
899 80
900 80
901 80
902 80
903 80
904 80
905 80
906 80
907 80
908 80
909 80
910 80
911 80
912 80
913 80
914 80
915 80
916 80
917 80
918 80
919 80
920 80
921 80
922 80
923 80
924 80
925 80
926 80
927 80
928 80
929 80
930 80
931 80
932 80
933 80
934 80
935 80
936 80
937 80
938 80
939 80
940 80
941 80
942 80
943 80
944 80
945 80
946 45
947 45
948 45
949 45
950 45
951 45
952 45
953 45
954 45
955 45
956 45
957 45
958 45
959 45
960 45
961 45
962 45
963 45
964 45
965 45
966 45
967 45
968 45
969 45
970 45
971 45
972 45
973 45
974 45
975 45
976 45
977 45
978 45
979 45
980 45
981 45
982 45
983 45
984 45
985 45
986 45
987 45
988 45
989 45
990 45
991 45
992 45
993 45
994 45
995 45
996 45
997 45
998 45
999 45
1000 45
1001 45
1002 45
1003 45
1004 45
1005 45
1006 45
1007 45
1008 45
1009 45
1010 45
1011 45
1012 45
1013 45
1014 45
1015 45
1016 45
1017 45
1018 45
1019 45
1020 45
1021 45
1022 45
1023 45
1024 45
1025 45
1026 45
1027 45
1028 45
1029 45
1030 45
1031 45
1032 45
1033 45
1034 45
1035 45
1036 45
1037 45
1038 45
1039 45
1040 45
1041 45
1042 45
1043 45
1044 45
1045 45
1046 45
1047 45
1048 45
1049 45
1050 45
1051 45
1052 45
1053 45
1054 45
1055 45
1056 45
1057 45
1058 45
1059 45
1060 45
1061 45
1062 45
1063 45
1064 45
1065 45
1066 45
1067 45
1068 45
1069 45
1070 45
1071 45
1072 45
1073 45
1074 45
1075 45
1076 45
1077 45
1078 45
1079 45
1080 45
1081 45
1082 45
1083 45
1084 45
1085 45
1086 45
1087 45
1088 45
1089 45
1090 45
1091 45
1092 45
1093 45
1094 45
1095 45
1096 45
1097 45
1098 45
1099 45
1100 45
1101 45
1102 45
1103 45
1104 45
1105 45
1106 45
1107 45
1108 45
1109 45
1110 45
1111 45
1112 45
1113 45
1114 45
1115 45
1116 45
1117 45
1118 45
1119 45
1120 45
1121 45
1122 45
1123 45
1124 45
1125 45
1126 45
1127 45
1128 45
1129 45
1130 45
1131 45
1132 45
1133 45
1134 45
1135 45
1136 45
1137 45
1138 45
1139 45
1140 45
1141 45
1142 73
1143 73
1144 73
1145 73
1146 73
1147 73
1148 73
1149 73
1150 73
1151 73
1152 73
1153 73
1154 73
1155 73
1156 73
1157 73
1158 73
1159 73
1160 73
1161 73
1162 73
1163 73
1164 73
1165 73
1166 73
1167 73
1168 73
1169 73
1170 73
1171 73
1172 73
1173 73
1174 73
1175 73
1176 73
1177 73
1178 73
1179 73
1180 73
1181 73
1182 73
1183 73
1184 73
1185 73
1186 73
1187 73
1188 73
1189 73
1190 73
1191 73
1192 73
1193 73
1194 73
1195 73
1196 73
1197 73
1198 73
1199 73
1200 73
1201 73
1202 73
1203 73
1204 73
1205 73
1206 73
1207 73
1208 73
1209 73
1210 73
1211 73
1212 73
1213 73
1214 73
1215 73
1216 73
1217 73
1218 73
1219 73
1220 73
1221 73
1222 73
1223 73
1224 73
1225 73
1226 73
1227 73
1228 73
1229 73
1230 73
1231 73
1232 73
1233 73
1234 73
1235 73
1236 73
1237 73
1238 73
1239 73
1240 73
1241 73
1242 73
1243 73
1244 73
1245 73
1246 73
1247 73
1248 73
1249 73
1250 73
1251 73
1252 73
1253 73
1254 73
1255 73
1256 73
1257 73
1258 73
1259 73
1260 73
1261 73
1262 73
1263 73
1264 73
1265 73
1266 73
1267 73
1268 73
1269 73
1270 73
1271 73
1272 73
1273 73
1274 73
1275 73
1276 73
1277 73
1278 73
1279 73
1280 73
1281 73
1282 73
1283 73
1284 73
1285 73
1286 73
1287 73
1288 73
1289 73
1290 73
1291 73
1292 73
1293 73
1294 73
1295 73
1296 73
1297 73
1298 73
1299 73
1300 73
1301 73
1302 73
1303 73
1304 73
1305 73
1306 73
1307 73
1308 73
1309 73
1310 73
1311 73
1312 73
1313 50
1314 50
1315 50
1316 50
1317 50
1318 50
1319 50
1320 50
1321 50
1322 50
1323 50
1324 50
1325 50
1326 50
1327 50
1328 50
1329 50
1330 50
1331 50
1332 50
1333 50
1334 50
1335 50
1336 50
1337 50
1338 50
1339 50
1340 50
1341 50
1342 50
1343 50
1344 50
1345 50
1346 50
1347 50
1348 50
1349 50
1350 50
1351 50
1352 50
1353 50
1354 50
1355 50
1356 50
1357 50
1358 50
1359 50
1360 50
1361 50
1362 50
1363 50
1364 50
1365 50
1366 50
1367 50
1368 50
1369 50
1370 50
1371 50
1372 50
1373 50
1374 50
1375 50
1376 50
1377 50
1378 50
1379 50
1380 50
1381 50
1382 50
1383 50
1384 50
1385 50
1386 50
1387 50
1388 50
1389 50
1390 50
1391 50
1392 50
1393 50
1394 50
1395 50
1396 50
1397 50
1398 50
1399 50
1400 50
1401 50
1402 50
1403 50
1404 50
1405 50
1406 50
1407 50
1408 50
1409 50
1410 50
1411 50
1412 50
1413 50
1414 50
1415 50
1416 50
1417 50
1418 50
1419 50
1420 50
1421 50
1422 50
1423 50
1424 50
1425 50
1426 50
1427 50
1428 50
1429 50
1430 50
1431 50
1432 50
1433 50
1434 50
1435 50
1436 50
1437 50
1438 50
1439 50
1440 50
1441 50
1442 50
1443 50
1444 50
1445 50
1446 50
1447 50
1448 50
1449 50
1450 50
1451 50
1452 50
1453 50
1454 50
1455 50
1456 50
1457 50
1458 50
1459 50
1460 50
1461 50
1462 50
1463 50
1464 50
1465 50
1466 50
1467 50
1468 50
1469 50
1470 50
1471 50
1472 50
1473 50
1474 50
1475 50
1476 50
1477 50
1478 50
1479 50
1480 50
1481 50
1482 50
1483 50
1484 50
1485 50
1486 50
1487 50
1488 50
1489 50
1490 43
1491 43
1492 43
1493 43
1494 43
1495 43
1496 43
1497 43
1498 43
1499 43
1500 43
1501 43
1502 43
1503 43
1504 43
1505 43
1506 43
1507 43
1508 43
1509 43
1510 43
1511 43
1512 43
1513 43
1514 43
1515 43
1516 43
1517 43
1518 43
1519 43
1520 43
1521 43
1522 43
1523 43
1524 43
1525 43
1526 43
1527 43
1528 43
1529 43
1530 43
1531 43
1532 43
1533 43
1534 43
1535 43
1536 43
1537 43
1538 43
1539 43
1540 43
1541 43
1542 43
1543 43
1544 43
1545 43
1546 43
1547 43
1548 43
1549 43
1550 43
1551 43
1552 43
1553 43
1554 43
1555 43
1556 43
1557 43
1558 43
1559 43
1560 43
1561 43
1562 43
1563 43
1564 43
1565 43
1566 43
1567 43
1568 43
1569 43
1570 43
1571 43
1572 43
1573 43
1574 43
1575 43
1576 43
1577 43
1578 43
1579 43
1580 43
1581 43
1582 43
1583 81
1584 81
1585 81
1586 81
1587 81
1588 81
1589 81
1590 81
1591 81
1592 81
1593 81
1594 81
1595 81
1596 81
1597 81
1598 81
1599 81
1600 81
1601 81
1602 81
1603 81
1604 81
1605 81
1606 81
1607 81
1608 81
1609 81
1610 81
1611 81
1612 81
1613 81
1614 81
1615 81
1616 81
1617 81
1618 81
1619 81
1620 81
1621 81
1622 81
1623 81
1624 81
1625 81
1626 81
1627 81
1628 81
1629 81
1630 81
1631 81
1632 81
1633 81
1634 81
1635 81
1636 81
1637 81
1638 81
1639 81
1640 81
1641 81
1642 81
1643 81
1644 81
1645 81
1646 81
1647 81
1648 81
1649 81
1650 81
1651 81
1652 81
1653 81
1654 81
1655 81
1656 81
1657 81
1658 81
1659 81
1660 81
1661 81
1662 81
1663 81
1664 81
1665 81
1666 81
1667 81
1668 81
1669 81
1670 81
1671 81
1672 81
1673 81
1674 81
1675 81
1676 81
1677 81
1678 81
1679 81
1680 81
1681 81
1682 81
1683 81
1684 81
1685 81
1686 81
1687 81
1688 81
1689 81
1690 81
1691 81
1692 81
1693 81
1694 81
1695 82
1696 82
1697 82
1698 82
1699 82
1700 82
1701 82
1702 82
1703 82
1704 82
1705 82
1706 82
1707 82
1708 82
1709 82
1710 82
1711 82
1712 82
1713 82
1714 82
1715 82
1716 82
1717 82
1718 82
1719 82
1720 82
1721 82
1722 82
1723 82
1724 82
1725 82
1726 82
1727 82
1728 82
1729 82
1730 82
1731 82
1732 82
1733 82
1734 82
1735 82
1736 82
1737 82
1738 82
1739 82
1740 82
1741 82
1742 82
1743 82
1744 82
1745 82
1746 82
1747 82
1748 82
1749 82
1750 82
1751 82
1752 82
1753 82
1754 82
1755 82
1756 82
1757 82
1758 82
1759 82
1760 82
1761 82
1762 82
1763 82
1764 82
1765 82
1766 82
1767 82
1768 82
1769 82
1770 82
1771 82
1772 82
1773 82
1774 82
1775 82
1776 82
1777 82
1778 82
1779 82
1780 82
1781 82
1782 82
1783 82
1784 82
1785 82
1786 82
1787 82
1788 82
1789 82
1790 82
1791 82
1792 82
1793 82
1794 82
1795 82
1796 82
1797 82
1798 82
1799 82
1800 82
1801 82
1802 82
1803 82
1804 82
1805 82
1806 82
1807 82
1808 82
1809 82
1810 82
1811 82
1812 82
1813 82
1814 82
1815 82
1816 82
1817 82
1818 82
1819 82
1820 82
1821 82
1822 82
1823 82
1824 82
1825 82
1826 77
1827 77
1828 77
1829 77
1830 77
1831 77
1832 77
1833 77
1834 77
1835 77
1836 77
1837 77
1838 77
1839 77
1840 77
1841 77
1842 77
1843 77
1844 77
1845 77
1846 77
1847 77
1848 77
1849 77
1850 77
1851 77
1852 77
1853 77
1854 77
1855 77
1856 77
1857 77
1858 77
1859 77
1860 77
1861 77
1862 77
1863 77
1864 77
1865 77
1866 77
1867 77
1868 77
1869 77
1870 77
1871 77
1872 77
1873 77
1874 77
1875 77
1876 77
1877 77
1878 77
1879 77
1880 77
1881 77
1882 77
1883 77
1884 77
1885 77
1886 77
1887 77
1888 77
1889 77
1890 77
1891 77
1892 77
1893 77
1894 77
1895 77
1896 77
1897 77
1898 77
1899 77
1900 77
1901 77
1902 77
1903 77
1904 77
1905 77
1906 77
1907 77
1908 77
1909 77
1910 77
1911 77
1912 77
1913 77
1914 77
1915 77
1916 77
1917 77
1918 77
1919 77
1920 77
1921 77
1922 77
1923 77
1924 77
1925 77
1926 77
1927 77
1928 77
1929 77
1930 77
1931 77
1932 77
1933 77
1934 77
1935 77
1936 77
1937 77
1938 77
1939 77
1940 77
1941 77
1942 77
1943 77
1944 77
1945 77
1946 77
1947 77
1948 77
1949 77
1950 77
1951 77
1952 77
1953 77
1954 77
1955 77
1956 77
1957 77
1958 77
1959 77
1960 77
1961 77
1962 77
1963 79
1964 79
1965 79
1966 79
1967 79
1968 79
1969 79
1970 79
1971 79
1972 79
1973 79
1974 79
1975 79
1976 79
1977 79
1978 79
1979 79
1980 79
1981 79
1982 79
1983 79
1984 79
1985 79
1986 79
1987 79
1988 79
1989 79
1990 79
1991 79
1992 79
1993 79
1994 79
1995 79
1996 79
1997 79
1998 79
1999 79
2000 79
2001 79
2002 79
2003 79
2004 79
2005 79
2006 79
2007 79
2008 79
2009 79
2010 79
2011 79
2012 79
2013 79
2014 79
2015 79
2016 79
2017 79
2018 79
2019 79
2020 79
2021 79
2022 79
2023 79
2024 79
2025 79
2026 79
2027 79
2028 79
2029 79
2030 79
2031 79
2032 79
2033 79
2034 79
2035 79
2036 79
2037 79
2038 79
2039 79
2040 79
2041 79
2042 79
2043 79
2044 79
2045 79
2046 79
2047 79
2048 79
2049 79
2050 79
2051 79
2052 79
2053 79
2054 79
2055 79
2056 79
2057 79
2058 79
2059 79
2060 79
2061 79
2062 79
2063 79
2064 79
2065 79
2066 79
2067 79
2068 74
2069 74
2070 74
2071 74
2072 74
2073 74
2074 74
2075 74
2076 74
2077 74
2078 74
2079 74
2080 74
2081 74
2082 74
2083 74
2084 74
2085 74
2086 74
2087 74
2088 74
2089 74
2090 74
2091 74
2092 74
2093 74
2094 74
2095 74
2096 74
2097 74
2098 74
2099 74
2100 74
2101 74
2102 74
2103 74
2104 74
2105 74
2106 74
2107 74
2108 74
2109 74
2110 74
2111 74
2112 74
2113 74
2114 74
2115 74
2116 74
2117 74
2118 74
2119 74
2120 74
2121 74
2122 74
2123 74
2124 74
2125 74
2126 74
2127 74
2128 74
2129 74
2130 74
2131 74
2132 74
2133 74
2134 74
2135 74
2136 74
2137 74
2138 74
2139 74
2140 74
2141 74
2142 74
2143 74
2144 74
2145 74
2146 74
2147 74
2148 74
2149 74
2150 74
2151 74
2152 74
2153 74
2154 74
2155 74
2156 74
2157 74
2158 74
2159 74
2160 74
2161 74
2162 74
2163 74
2164 74
2165 74
2166 74
2167 74
2168 74
2169 74
2170 74
2171 74
2172 74
2173 74
2174 74
2175 74
2176 74
2177 74
2178 74
2179 74
2180 74
2181 74
2182 74
2183 74
2184 74
2185 74
2186 74
2187 74
2188 40
2189 40
2190 40
2191 40
2192 40
2193 40
2194 40
2195 40
2196 40
2197 40
2198 40
2199 40
2200 40
2201 40
2202 40
2203 40
2204 40
2205 40
2206 40
2207 40
2208 40
2209 40
2210 40
2211 40
2212 40
2213 40
2214 40
2215 40
2216 40
2217 40
2218 40
2219 40
2220 40
2221 40
2222 40
2223 40
2224 40
2225 40
2226 40
2227 40
2228 40
2229 40
2230 40
2231 40
2232 40
2233 40
2234 40
2235 40
2236 40
2237 40
2238 40
2239 40
2240 40
2241 40
2242 40
2243 40
2244 40
2245 40
2246 40
2247 40
2248 40
2249 40
2250 40
2251 40
2252 40
2253 40
2254 40
2255 40
2256 40
2257 40
2258 40
2259 40
2260 40
2261 40
2262 40
2263 40
2264 40
2265 40
2266 40
2267 40
2268 40
2269 40
2270 40
2271 40
2272 40
2273 40
2274 40
2275 40
2276 40
2277 40
2278 40
2279 40
2280 40
2281 40
2282 40
2283 40
2284 40
2285 40
2286 40
2287 40
2288 40
2289 40
2290 40
2291 40
2292 40
2293 40
2294 40
2295 40
2296 40
2297 40
2298 40
2299 40
2300 40
2301 40
2302 40
2303 40
2304 40
2305 40
2306 40
2307 40
2308 40
2309 40
2310 40
2311 40
2312 40
2313 40
2314 40
2315 42
2316 42
2317 42
2318 42
2319 42
2320 42
2321 42
2322 42
2323 42
2324 42
2325 42
2326 42
2327 42
2328 42
2329 42
2330 42
2331 42
2332 42
2333 42
2334 42
2335 42
2336 42
2337 42
2338 42
2339 42
2340 42
2341 42
2342 42
2343 42
2344 42
2345 42
2346 42
2347 42
2348 42
2349 42
2350 42
2351 42
2352 42
2353 42
2354 42
2355 42
2356 42
2357 42
2358 42
2359 42
2360 42
2361 42
2362 42
2363 42
2364 42
2365 42
2366 42
2367 42
2368 42
2369 42
2370 42
2371 42
2372 42
2373 42
2374 42
2375 42
2376 42
2377 42
2378 42
2379 42
2380 42
2381 42
2382 42
2383 42
2384 42
2385 42
2386 42
2387 42
2388 42
2389 42
2390 42
2391 42
2392 42
2393 42
2394 42
2395 42
2396 42
2397 42
2398 42
2399 42
2400 42
2401 42
2402 42
2403 42
2404 42
2405 42
2406 42
2407 42
2408 42
2409 42
2410 42
2411 42
2412 42
2413 42
2414 42
2415 42
2416 42
2417 42
2418 42
2419 42
2420 42
2421 42
2422 42
2423 42
2424 42
2425 42
2426 42
2427 42
2428 42
2429 42
2430 42
2431 42
2432 42
2433 42
2434 42
2435 42
2436 42
2437 42
2438 42
2439 42
2440 42
2441 42
2442 42
2443 42
2444 42
2445 75
2446 75
2447 75
2448 75
2449 75
2450 75
2451 75
2452 75
2453 75
2454 75
2455 75
2456 75
2457 75
2458 75
2459 75
2460 75
2461 75
2462 75
2463 75
2464 75
2465 75
2466 75
2467 75
2468 75
2469 75
2470 75
2471 75
2472 75
2473 75
2474 75
2475 75
2476 75
2477 75
2478 75
2479 75
2480 75
2481 75
2482 75
2483 75
2484 75
2485 75
2486 75
2487 75
2488 75
2489 75
2490 75
2491 75
2492 75
2493 75
2494 75
2495 75
2496 75
2497 75
2498 75
2499 75
2500 75
2501 75
2502 75
2503 75
2504 75
2505 75
2506 75
2507 75
2508 75
2509 75
2510 75
2511 75
2512 75
2513 75
2514 75
2515 75
2516 75
2517 75
2518 75
2519 75
2520 75
2521 75
2522 75
2523 75
2524 75
2525 75
2526 75
2527 75
2528 75
2529 75
2530 75
2531 75
2532 75
2533 75
2534 75
2535 75
2536 75
2537 75
2538 75
2539 75
2540 75
2541 75
2542 75
2543 75
2544 75
2545 75
2546 75
2547 75
2548 75
2549 75
2550 75
2551 75
2552 83
2553 83
2554 83
2555 83
2556 83
2557 83
2558 83
2559 83
2560 83
2561 83
2562 83
2563 83
2564 83
2565 83
2566 83
2567 83
2568 83
2569 83
2570 83
2571 83
2572 83
2573 83
2574 83
2575 83
2576 83
2577 83
2578 83
2579 83
2580 83
2581 83
2582 83
2583 83
2584 83
2585 83
2586 83
2587 83
2588 83
2589 83
2590 83
2591 83
2592 83
2593 83
2594 83
2595 83
2596 83
2597 83
2598 83
2599 83
2600 83
2601 83
2602 83
2603 83
2604 83
2605 83
2606 83
2607 83
2608 83
2609 83
2610 83
2611 83
2612 83
2613 83
2614 83
2615 83
2616 83
2617 83
2618 83
2619 83
2620 83
2621 83
2622 83
2623 83
2624 83
2625 83
2626 83
2627 83
2628 83
2629 83
2630 83
2631 83
2632 83
2633 83
2634 83
2635 83
2636 83
2637 83
2638 57
2639 57
2640 57
2641 57
2642 57
2643 57
2644 57
2645 57
2646 57
2647 57
2648 57
2649 57
2650 57
2651 57
2652 57
2653 57
2654 57
2655 57
2656 57
2657 57
2658 57
2659 57
2660 57
2661 57
2662 57
2663 57
2664 57
2665 57
2666 57
2667 57
2668 57
2669 57
2670 57
2671 57
2672 57
2673 57
2674 57
2675 57
2676 57
2677 57
2678 57
2679 57
2680 57
2681 57
2682 57
2683 57
2684 57
2685 57
2686 57
2687 57
2688 57
2689 57
2690 57
2691 57
2692 57
2693 57
2694 57
2695 57
2696 57
2697 57
2698 57
2699 57
2700 57
2701 57
2702 57
2703 57
2704 57
2705 57
2706 57
2707 57
2708 57
2709 57
2710 57
2711 57
2712 57
2713 57
2714 57
2715 57
2716 57
2717 57
2718 57
2719 57
2720 57
2721 57
2722 57
2723 57
2724 57
2725 57
2726 57
2727 57
2728 57
2729 57
2730 57
2731 57
2732 57
2733 57
2734 57
2735 57
2736 57
2737 57
2738 57
2739 57
2740 57
2741 57
2742 57
2743 57
2744 57
2745 57
2746 57
2747 57
2748 57
2749 57
2750 57
2751 57
2752 55
2753 55
2754 55
2755 55
2756 55
2757 55
2758 55
2759 55
2760 55
2761 55
2762 55
2763 55
2764 55
2765 55
2766 55
2767 55
2768 55
2769 55
2770 55
2771 55
2772 55
2773 55
2774 55
2775 55
2776 55
2777 55
2778 55
2779 55
2780 55
2781 55
2782 55
2783 55
2784 55
2785 55
2786 55
2787 55
2788 55
2789 55
2790 55
2791 55
2792 55
2793 55
2794 55
2795 55
2796 55
2797 55
2798 55
2799 55
2800 55
2801 55
2802 55
2803 55
2804 55
2805 55
2806 55
2807 55
2808 55
2809 55
2810 55
2811 55
2812 55
2813 55
2814 55
2815 55
2816 55
2817 55
2818 55
2819 55
2820 55
2821 55
2822 55
2823 55
2824 55
2825 55
2826 55
2827 55
2828 55
2829 55
2830 55
2831 55
2832 55
2833 55
2834 55
2835 55
2836 55
2837 55
2838 55
2839 55
2840 55
2841 55
2842 55
2843 55
2844 55
2845 55
2846 55
2847 55
2848 55
2849 55
2850 55
2851 55
2852 55
2853 55
2854 55
2855 55
2856 55
2857 55
2858 55
2859 55
2860 55
2861 85
2862 85
2863 85
2864 85
2865 85
2866 85
2867 85
2868 85
2869 85
2870 85
2871 85
2872 85
2873 85
2874 85
2875 85
2876 85
2877 85
2878 85
2879 85
2880 85
2881 85
2882 85
2883 85
2884 85
2885 85
2886 85
2887 85
2888 85
2889 85
2890 85
2891 85
2892 85
2893 85
2894 85
2895 85
2896 85
2897 85
2898 85
2899 85
2900 85
2901 85
2902 85
2903 85
2904 85
2905 85
2906 85
2907 85
2908 85
2909 85
2910 85
2911 85
2912 85
2913 85
2914 85
2915 85
2916 85
2917 85
2918 85
2919 59
2920 59
2921 59
2922 59
2923 59
2924 59
2925 59
2926 59
2927 59
2928 59
2929 59
2930 59
2931 59
2932 59
2933 59
2934 59
2935 59
2936 59
2937 59
2938 59
2939 59
2940 59
2941 59
2942 59
2943 59
2944 59
2945 59
2946 59
2947 59
2948 59
2949 59
2950 59
2951 59
2952 59
2953 59
2954 59
2955 59
2956 59
2957 59
2958 59
2959 59
2960 59
2961 59
2962 59
2963 59
2964 59
2965 59
2966 59
2967 59
2968 59
2969 59
2970 59
2971 59
2972 59
2973 59
2974 59
2975 59
2976 59
2977 59
2978 59
2979 59
2980 59
2981 59
2982 59
2983 59
2984 59
2985 59
2986 59
2987 59
2988 59
2989 59
2990 59
2991 59
2992 59
2993 59
2994 59
2995 59
2996 59
2997 59
2998 59
2999 59
3000 59
3001 59
3002 59
3003 59
3004 59
3005 59
3006 59
3007 59
3008 59
3009 59
3010 59
3011 59
3012 59
3013 59
3014 59
3015 59
3016 59
3017 59
3018 59
3019 59
3020 59
3021 59
3022 59
3023 59
3024 59
3025 59
3026 59
3027 59
3028 91
3029 91
3030 91
3031 91
3032 91
3033 91
3034 91
3035 91
3036 91
3037 91
3038 91
3039 91
3040 91
3041 91
3042 91
3043 91
3044 91
3045 91
3046 91
3047 91
3048 91
3049 91
3050 91
3051 91
3052 91
3053 91
3054 91
3055 91
3056 91
3057 91
3058 91
3059 91
3060 91
3061 91
3062 91
3063 91
3064 91
3065 91
3066 91
3067 91
3068 91
3069 91
3070 91
3071 91
3072 91
3073 91
3074 91
3075 91
3076 91
3077 91
3078 91
3079 91
3080 91
3081 91
3082 91
3083 91
3084 91
3085 91
3086 91
3087 91
3088 91
3089 91
3090 91
3091 91
3092 91
3093 91
3094 10
3095 10
3096 10
3097 10
3098 10
3099 10
3100 10
3101 10
3102 10
3103 10
3104 10
3105 10
3106 10
3107 10
3108 10
3109 10
3110 10
3111 10
3112 10
3113 10
3114 10
3115 10
3116 10
3117 10
3118 10
3119 10
3120 10
3121 10
3122 10
3123 10
3124 10
3125 10
3126 10
3127 10
3128 10
3129 10
3130 10
3131 10
3132 10
3133 10
3134 10
3135 10
3136 10
3137 10
3138 10
3139 10
3140 10
3141 10
3142 10
3143 10
3144 10
3145 10
3146 10
3147 10
3148 10
3149 10
3150 10
3151 10
3152 10
3153 10
3154 10
3155 10
3156 10
3157 10
3158 10
3159 10
3160 10
3161 10
3162 10
3163 10
3164 10
3165 10
3166 10
3167 10
3168 10
3169 10
3170 10
3171 10
3172 10
3173 10
3174 10
3175 10
3176 10
3177 10
3178 10
3179 10
3180 10
3181 64
3182 64
3183 64
3184 64
3185 64
3186 64
3187 64
3188 64
3189 64
3190 64
3191 64
3192 64
3193 64
3194 64
3195 64
3196 64
3197 64
3198 64
3199 64
3200 64
3201 64
3202 64
3203 64
3204 64
3205 64
3206 64
3207 64
3208 64
3209 64
3210 64
3211 64
3212 64
3213 64
3214 64
3215 64
3216 64
3217 64
3218 64
3219 64
3220 64
3221 64
3222 64
3223 64
3224 64
3225 64
3226 64
3227 64
3228 64
3229 64
3230 64
3231 64
3232 64
3233 64
3234 64
3235 64
3236 64
3237 64
3238 64
3239 64
3240 64
3241 64
3242 64
3243 64
3244 64
3245 64
3246 64
3247 64
3248 64
3249 64
3250 64
3251 64
3252 64
3253 64
3254 64
3255 64
3256 64
3257 64
3258 64
3259 64
3260 64
3261 64
3262 64
3263 64
3264 64
3265 64
3266 64
3267 64
3268 64
3269 64
3270 64
3271 64
3272 64
3273 64
3274 64
3275 64
3276 64
3277 64
3278 64
3279 64
3280 64
3281 64
3282 64
3283 7
3284 7
3285 7
3286 7
3287 7
3288 7
3289 7
3290 7
3291 7
3292 7
3293 7
3294 7
3295 7
3296 7
3297 7
3298 7
3299 7
3300 7
3301 7
3302 7
3303 7
3304 7
3305 7
3306 7
3307 7
3308 7
3309 7
3310 7
3311 7
3312 7
3313 7
3314 7
3315 7
3316 7
3317 7
3318 7
3319 7
3320 7
3321 7
3322 7
3323 7
3324 7
3325 7
3326 7
3327 7
3328 7
3329 7
3330 7
3331 7
3332 7
3333 7
3334 7
3335 7
3336 7
3337 7
3338 7
3339 7
3340 7
3341 7
3342 7
3343 7
3344 7
3345 7
3346 7
3347 7
3348 7
3349 7
3350 7
3351 7
3352 7
3353 7
3354 7
3355 7
3356 7
3357 7
3358 7
3359 7
3360 7
3361 7
3362 7
3363 7
3364 7
3365 7
3366 7
3367 7
3368 22
3369 22
3370 22
3371 22
3372 22
3373 22
3374 22
3375 22
3376 22
3377 22
3378 22
3379 22
3380 22
3381 22
3382 22
3383 22
3384 22
3385 22
3386 22
3387 22
3388 22
3389 22
3390 22
3391 22
3392 22
3393 22
3394 22
3395 22
3396 22
3397 22
3398 22
3399 22
3400 22
3401 22
3402 22
3403 22
3404 22
3405 22
3406 22
3407 22
3408 22
3409 22
3410 22
3411 22
3412 22
3413 22
3414 22
3415 22
3416 22
3417 22
3418 22
3419 22
3420 22
3421 22
3422 22
3423 22
3424 22
3425 22
3426 22
3427 22
3428 22
3429 22
3430 22
3431 22
3432 22
3433 22
3434 22
3435 22
3436 22
3437 22
3438 22
3439 22
3440 22
3441 22
3442 22
3443 22
3444 22
3445 22
3446 22
3447 22
3448 22
3449 22
3450 22
3451 22
3452 22
3453 22
3454 22
3455 22
3456 22
3457 22
3458 22
3459 29
3460 29
3461 29
3462 29
3463 29
3464 29
3465 29
3466 29
3467 29
3468 29
3469 29
3470 29
3471 29
3472 29
3473 29
3474 29
3475 29
3476 29
3477 29
3478 29
3479 29
3480 29
3481 29
3482 29
3483 29
3484 29
3485 29
3486 29
3487 29
3488 29
3489 29
3490 29
3491 29
3492 29
3493 29
3494 29
3495 29
3496 29
3497 29
3498 29
3499 29
3500 29
3501 29
3502 29
3503 29
3504 29
3505 29
3506 29
3507 29
3508 29
3509 29
3510 29
3511 29
3512 29
3513 29
3514 29
3515 29
3516 29
3517 29
3518 29
3519 29
3520 29
3521 29
3522 29
3523 29
3524 29
3525 29
3526 29
3527 29
3528 29
3529 29
3530 29
3531 29
3532 29
3533 29
3534 29
3535 29
3536 29
3537 29
3538 29
3539 29
3540 29
3541 29
3542 29
3543 29
3544 71
3545 71
3546 71
3547 71
3548 71
3549 71
3550 71
3551 71
3552 71
3553 71
3554 71
3555 71
3556 71
3557 71
3558 71
3559 71
3560 71
3561 71
3562 71
3563 71
3564 71
3565 71
3566 71
3567 71
3568 71
3569 71
3570 71
3571 71
3572 71
3573 71
3574 71
3575 71
3576 71
3577 71
3578 71
3579 71
3580 71
3581 71
3582 71
3583 71
3584 71
3585 71
3586 71
3587 71
3588 71
3589 71
3590 71
3591 71
3592 71
3593 71
3594 71
3595 71
3596 71
3597 71
3598 71
3599 71
3600 71
3601 71
3602 71
3603 71
3604 71
3605 71
3606 71
3607 71
3608 71
3609 71
3610 71
3611 71
3612 71
3613 71
3614 71
3615 71
3616 71
3617 71
3618 71
3619 71
3620 71
3621 71
3622 71
3623 71
3624 71
3625 71
3626 71
3627 71
3628 71
3629 71
3630 71
3631 71
3632 71
3633 71
3634 71
3635 71
3636 71
3637 71
3638 71
3639 71
3640 52
3641 52
3642 52
3643 52
3644 52
3645 52
3646 52
3647 52
3648 52
3649 52
3650 52
3651 52
3652 52
3653 52
3654 52
3655 52
3656 52
3657 52
3658 52
3659 52
3660 52
3661 52
3662 52
3663 52
3664 52
3665 52
3666 52
3667 52
3668 52
3669 52
3670 52
3671 52
3672 52
3673 52
3674 52
3675 52
3676 52
3677 52
3678 52
3679 52
3680 52
3681 52
3682 52
3683 52
3684 52
3685 52
3686 52
3687 52
3688 52
3689 52
3690 52
3691 52
3692 52
3693 52
3694 52
3695 52
3696 52
3697 52
3698 52
3699 52
3700 52
3701 52
3702 52
3703 52
3704 52
3705 52
3706 52
3707 52
3708 52
3709 52
3710 52
3711 52
3712 52
3713 52
3714 52
3715 52
3716 52
3717 52
3718 52
3719 52
3720 52
3721 52
3722 52
3723 52
3724 52
3725 52
3726 52
3727 52
3728 52
3729 52
3730 52
3731 52
3732 52
3733 36
3734 36
3735 36
3736 36
3737 36
3738 36
3739 36
3740 36
3741 36
3742 36
3743 36
3744 36
3745 36
3746 36
3747 36
3748 36
3749 36
3750 36
3751 36
3752 36
3753 36
3754 36
3755 36
3756 36
3757 36
3758 36
3759 36
3760 36
3761 36
3762 36
3763 36
3764 36
3765 36
3766 36
3767 36
3768 36
3769 36
3770 36
3771 36
3772 36
3773 36
3774 36
3775 36
3776 36
3777 36
3778 36
3779 36
3780 36
3781 36
3782 36
3783 36
3784 36
3785 36
3786 36
3787 36
3788 36
3789 36
3790 36
3791 36
3792 36
3793 36
3794 36
3795 36
3796 36
3797 36
3798 36
3799 36
3800 36
3801 36
3802 36
3803 36
3804 36
3805 36
3806 36
3807 36
3808 36
3809 36
3810 36
3811 36
3812 36
3813 36
3814 36
3815 36
3816 36
3817 36
3818 36
3819 36
3820 36
3821 36
3822 36
3823 36
3824 36
3825 36
3826 36
3827 16
3828 16
3829 16
3830 16
3831 16
3832 16
3833 16
3834 16
3835 16
3836 16
3837 16
3838 16
3839 16
3840 16
3841 16
3842 16
3843 16
3844 16
3845 16
3846 16
3847 16
3848 16
3849 16
3850 16
3851 16
3852 16
3853 16
3854 16
3855 16
3856 16
3857 16
3858 16
3859 16
3860 16
3861 16
3862 16
3863 16
3864 16
3865 16
3866 16
3867 16
3868 16
3869 16
3870 16
3871 16
3872 16
3873 16
3874 16
3875 16
3876 16
3877 16
3878 16
3879 16
3880 16
3881 16
3882 16
3883 16
3884 16
3885 16
3886 16
3887 16
3888 16
3889 16
3890 16
3891 16
3892 16
3893 16
3894 16
3895 16
3896 16
3897 16
3898 16
3899 16
3900 16
3901 16
3902 16
3903 16
3904 16
3905 16
3906 16
3907 16
3908 16
3909 16
3910 16
3911 16
3912 50
3913 50
3914 50
3915 50
3916 50
3917 50
3918 50
3919 50
3920 50
3921 50
3922 50
3923 50
3924 50
3925 50
3926 50
3927 50
3928 50
3929 50
3930 50
3931 50
3932 50
3933 50
3934 50
3935 50
3936 50
3937 50
3938 50
3939 50
3940 50
3941 50
3942 50
3943 50
3944 50
3945 50
3946 50
3947 50
3948 50
3949 50
3950 50
3951 50
3952 50
3953 50
3954 50
3955 50
3956 50
3957 50
3958 50
3959 50
3960 50
3961 50
3962 50
3963 50
3964 50
3965 50
3966 50
3967 50
3968 50
3969 50
3970 50
3971 50
3972 50
3973 50
3974 50
3975 50
3976 50
3977 50
3978 50
3979 50
3980 50
3981 50
3982 50
3983 50
3984 50
3985 50
3986 50
3987 50
3988 50
3989 50
3990 50
3991 50
3992 50
3993 11
3994 11
3995 11
3996 11
3997 11
3998 11
3999 11
4000 11
4001 11
4002 11
4003 11
4004 11
4005 11
4006 11
4007 11
4008 11
4009 11
4010 11
4011 11
4012 11
4013 11
4014 11
4015 11
4016 11
4017 11
4018 11
4019 11
4020 11
4021 11
4022 11
4023 11
4024 11
4025 11
4026 11
4027 11
4028 11
4029 11
4030 11
4031 11
4032 11
4033 11
4034 11
4035 11
4036 11
4037 11
4038 11
4039 11
4040 11
4041 11
4042 11
4043 11
4044 11
4045 11
4046 11
4047 11
4048 11
4049 11
4050 11
4051 11
4052 11
4053 11
4054 11
4055 11
4056 11
4057 11
4058 11
4059 11
4060 11
4061 11
4062 11
4063 11
4064 11
4065 11
4066 11
4067 11
4068 11
4069 11
4070 11
4071 11
4072 11
4073 11
4074 11
4075 11
4076 11
4077 11
4078 11
4079 11
4080 28
4081 28
4082 28
4083 28
4084 28
4085 28
4086 28
4087 28
4088 28
4089 28
4090 28
4091 28
4092 28
4093 28
4094 28
4095 28
4096 28
4097 28
4098 28
4099 28
4100 28
4101 28
4102 28
4103 28
4104 28
4105 28
4106 28
4107 28
4108 28
4109 28
4110 28
4111 28
4112 28
4113 28
4114 28
4115 28
4116 28
4117 28
4118 28
4119 28
4120 28
4121 28
4122 28
4123 28
4124 28
4125 28
4126 28
4127 28
4128 28
4129 28
4130 28
4131 28
4132 28
4133 28
4134 28
4135 28
4136 28
4137 28
4138 28
4139 28
4140 28
4141 28
4142 28
4143 28
4144 28
4145 28
4146 28
4147 28
4148 28
4149 28
4150 28
4151 28
4152 28
4153 28
4154 28
4155 28
4156 28
4157 28
4158 51
4159 51
4160 51
4161 51
4162 51
4163 51
4164 51
4165 51
4166 51
4167 51
4168 51
4169 51
4170 51
4171 51
4172 51
4173 51
4174 51
4175 51
4176 51
4177 51
4178 51
4179 51
4180 51
4181 51
4182 51
4183 51
4184 51
4185 51
4186 51
4187 51
4188 51
4189 51
4190 51
4191 51
4192 51
4193 51
4194 51
4195 51
4196 51
4197 51
4198 51
4199 51
4200 51
4201 51
4202 51
4203 51
4204 51
4205 51
4206 51
4207 51
4208 51
4209 51
4210 51
4211 51
4212 51
4213 51
4214 51
4215 51
4216 51
4217 51
4218 51
4219 51
4220 51
4221 51
4222 51
4223 51
4224 51
4225 51
4226 51
4227 51
4228 51
4229 51
4230 51
4231 51
4232 51
4233 51
4234 51
4235 51
4236 51
4237 51
4238 51
4239 51
4240 51
4241 51
4242 51
4243 17
4244 17
4245 17
4246 17
4247 17
4248 17
4249 17
4250 17
4251 17
4252 17
4253 17
4254 17
4255 17
4256 17
4257 17
4258 17
4259 17
4260 17
4261 17
4262 17
4263 17
4264 17
4265 17
4266 17
4267 17
4268 17
4269 17
4270 17
4271 17
4272 17
4273 17
4274 17
4275 17
4276 17
4277 17
4278 17
4279 17
4280 17
4281 17
4282 17
4283 17
4284 17
4285 17
4286 17
4287 17
4288 17
4289 17
4290 17
4291 17
4292 17
4293 17
4294 17
4295 17
4296 17
4297 17
4298 17
4299 17
4300 17
4301 17
4302 17
4303 17
4304 17
4305 17
4306 17
4307 17
4308 17
4309 17
4310 17
4311 17
4312 17
4313 17
4314 17
4315 17
4316 17
4317 17
4318 17
4319 17
4320 17
4321 17
4322 17
4323 17
4324 17
4325 35
4326 35
4327 35
4328 35
4329 35
4330 35
4331 35
4332 35
4333 35
4334 35
4335 35
4336 35
4337 35
4338 35
4339 35
4340 35
4341 35
4342 35
4343 35
4344 35
4345 35
4346 35
4347 35
4348 35
4349 35
4350 35
4351 35
4352 35
4353 35
4354 35
4355 35
4356 35
4357 35
4358 35
4359 35
4360 35
4361 35
4362 35
4363 35
4364 35
4365 35
4366 35
4367 35
4368 35
4369 35
4370 35
4371 35
4372 35
4373 35
4374 35
4375 35
4376 35
4377 35
4378 35
4379 35
4380 35
4381 35
4382 35
4383 35
4384 35
4385 35
4386 35
4387 35
4388 35
4389 35
4390 35
4391 35
4392 35
4393 35
4394 35
4395 35
4396 35
4397 35
4398 35
4399 35
4400 89
4401 89
4402 89
4403 89
4404 89
4405 89
4406 89
4407 89
4408 89
4409 89
4410 89
4411 89
4412 89
4413 89
4414 89
4415 89
4416 89
4417 89
4418 89
4419 89
4420 89
4421 89
4422 89
4423 89
4424 89
4425 89
4426 89
4427 89
4428 89
4429 89
4430 89
4431 89
4432 89
4433 89
4434 89
4435 89
4436 89
4437 89
4438 89
4439 89
4440 89
4441 89
4442 89
4443 89
4444 89
4445 89
4446 89
4447 89
4448 89
4449 89
4450 89
4451 89
4452 89
4453 89
4454 89
4455 89
4456 89
4457 89
4458 89
4459 89
4460 89
4461 89
4462 89
4463 89
4464 89
4465 89
4466 89
4467 89
4468 89
4469 89
4470 89
4471 89
4472 89
4473 89
4474 89
4475 89
4476 89
4477 89
4478 89
4479 89
4480 70
4481 70
4482 70
4483 70
4484 70
4485 70
4486 70
4487 70
4488 70
4489 70
4490 70
4491 70
4492 70
4493 70
4494 70
4495 70
4496 70
4497 70
4498 70
4499 70
4500 70
4501 70
4502 70
4503 70
4504 70
4505 70
4506 70
4507 70
4508 70
4509 70
4510 70
4511 70
4512 70
4513 70
4514 70
4515 70
4516 70
4517 70
4518 70
4519 70
4520 70
4521 70
4522 70
4523 70
4524 70
4525 70
4526 70
4527 70
4528 70
4529 70
4530 70
4531 70
4532 70
4533 70
4534 70
4535 70
4536 70
4537 70
4538 70
4539 70
4540 70
4541 70
4542 70
4543 70
4544 70
4545 70
4546 70
4547 70
4548 70
4549 70
4550 70
4551 70
4552 70
4553 70
4554 70
4555 70
4556 70
4557 39
4558 39
4559 39
4560 39
4561 39
4562 39
4563 39
4564 39
4565 39
4566 39
4567 39
4568 39
4569 39
4570 39
4571 39
4572 39
4573 39
4574 39
4575 39
4576 39
4577 39
4578 39
4579 39
4580 39
4581 39
4582 39
4583 39
4584 39
4585 39
4586 39
4587 39
4588 39
4589 39
4590 39
4591 39
4592 39
4593 39
4594 39
4595 39
4596 39
4597 39
4598 39
4599 39
4600 39
4601 39
4602 39
4603 39
4604 39
4605 39
4606 39
4607 39
4608 39
4609 39
4610 39
4611 39
4612 39
4613 39
4614 39
4615 39
4616 39
4617 39
4618 39
4619 39
4620 39
4621 39
4622 39
4623 39
4624 47
4625 47
4626 47
4627 47
4628 47
4629 47
4630 47
4631 47
4632 47
4633 47
4634 47
4635 47
4636 47
4637 47
4638 47
4639 47
4640 47
4641 47
4642 47
4643 47
4644 47
4645 47
4646 47
4647 47
4648 47
4649 47
4650 47
4651 47
4652 47
4653 47
4654 47
4655 47
4656 47
4657 47
4658 47
4659 47
4660 47
4661 47
4662 47
4663 47
4664 47
4665 47
4666 47
4667 47
4668 47
4669 47
4670 47
4671 47
4672 47
4673 47
4674 47
4675 47
4676 47
4677 47
4678 47
4679 47
4680 47
4681 47
4682 47
4683 47
4684 47
4685 47
4686 47
4687 47
4688 47
4689 47
4690 47
4691 47
4692 47
4693 47
4694 47
4695 54
4696 54
4697 54
4698 54
4699 54
4700 54
4701 54
4702 54
4703 54
4704 54
4705 54
4706 54
4707 54
4708 54
4709 54
4710 54
4711 54
4712 54
4713 54
4714 54
4715 54
4716 54
4717 54
4718 54
4719 54
4720 54
4721 54
4722 54
4723 54
4724 54
4725 54
4726 54
4727 54
4728 54
4729 54
4730 54
4731 54
4732 54
4733 54
4734 54
4735 54
4736 54
4737 54
4738 54
4739 54
4740 54
4741 54
4742 54
4743 54
4744 54
4745 54
4746 54
4747 54
4748 54
4749 54
4750 54
4751 54
4752 54
4753 54
4754 54
4755 54
4756 54
4757 54
4758 54
4759 54
4760 54
4761 54
4762 54
4763 54
4764 54
4765 54
4766 84
4767 84
4768 84
4769 84
4770 84
4771 84
4772 84
4773 84
4774 84
4775 84
4776 84
4777 84
4778 84
4779 84
4780 84
4781 84
4782 84
4783 84
4784 84
4785 84
4786 84
4787 84
4788 84
4789 84
4790 84
4791 84
4792 84
4793 84
4794 84
4795 84
4796 84
4797 84
4798 84
4799 84
4800 84
4801 84
4802 84
4803 84
4804 84
4805 84
4806 84
4807 84
4808 84
4809 84
4810 84
4811 84
4812 84
4813 84
4814 84
4815 84
4816 84
4817 84
4818 84
4819 84
4820 84
4821 84
4822 84
4823 84
4824 84
4825 84
4826 84
4827 84
4828 90
4829 90
4830 90
4831 90
4832 90
4833 90
4834 90
4835 90
4836 90
4837 90
4838 90
4839 90
4840 90
4841 90
4842 90
4843 90
4844 90
4845 90
4846 90
4847 90
4848 90
4849 90
4850 90
4851 90
4852 90
4853 90
4854 90
4855 90
4856 90
4857 90
4858 90
4859 90
4860 90
4861 90
4862 90
4863 90
4864 90
4865 90
4866 90
4867 90
4868 90
4869 90
4870 90
4871 90
4872 90
4873 90
4874 90
4875 90
4876 90
4877 90
4878 90
4879 90
4880 90
4881 90
4882 90
4883 90
4884 90
4885 90
4886 90
4887 90
4888 90
4889 90
4890 90
4891 90
4892 90
4893 90
4894 90
4895 90
4896 19
4897 19
4898 19
4899 19
4900 19
4901 19
4902 19
4903 19
4904 19
4905 19
4906 19
4907 19
4908 19
4909 19
4910 19
4911 19
4912 19
4913 19
4914 19
4915 19
4916 19
4917 19
4918 19
4919 19
4920 19
4921 19
4922 19
4923 19
4924 19
4925 19
4926 19
4927 19
4928 19
4929 19
4930 19
4931 19
4932 19
4933 19
4934 19
4935 19
4936 19
4937 19
4938 19
4939 19
4940 19
4941 19
4942 19
4943 19
4944 19
4945 19
4946 19
4947 19
4948 19
4949 19
4950 19
4951 19
4952 46
4953 46
4954 46
4955 46
4956 46
4957 46
4958 46
4959 46
4960 46
4961 46
4962 46
4963 46
4964 46
4965 46
4966 46
4967 46
4968 46
4969 46
4970 46
4971 46
4972 46
4973 46
4974 46
4975 46
4976 46
4977 46
4978 46
4979 46
4980 46
4981 46
4982 46
4983 46
4984 46
4985 46
4986 46
4987 46
4988 46
4989 46
4990 46
4991 46
4992 46
4993 46
4994 46
4995 46
4996 46
4997 46
4998 46
4999 46
5000 46
5001 46
5002 46
5003 46
5004 46
5005 46
5006 46
5007 46
5008 46
5009 46
5010 46
5011 46
5012 46
5013 46
5014 46
5015 46
5016 46
5017 46
5018 46
5019 58
5020 58
5021 58
5022 58
5023 58
5024 58
5025 58
5026 58
5027 58
5028 58
5029 58
5030 58
5031 58
5032 58
5033 58
5034 58
5035 58
5036 58
5037 58
5038 58
5039 58
5040 58
5041 58
5042 58
5043 58
5044 58
5045 58
5046 58
5047 58
5048 58
5049 58
5050 58
5051 58
5052 58
5053 58
5054 58
5055 58
5056 58
5057 58
5058 58
5059 58
5060 58
5061 58
5062 58
5063 58
5064 58
5065 58
5066 58
5067 58
5068 58
5069 58
5070 58
5071 58
5072 58
5073 58
5074 58
5075 58
5076 58
5077 58
5078 58
5079 58
5080 58
5081 58
5082 58
5083 58
5084 58
5085 58
5086 1
5087 1
5088 1
5089 1
5090 1
5091 1
5092 1
5093 1
5094 1
5095 1
5096 1
5097 1
5098 1
5099 1
5100 1
5101 1
5102 1
5103 1
5104 1
5105 1
5106 1
5107 1
5108 1
5109 1
5110 1
5111 1
5112 1
5113 1
5114 1
5115 1
5116 1
5117 1
5118 1
5119 1
5120 1
5121 1
5122 1
5123 1
5124 1
5125 1
5126 1
5127 1
5128 1
5129 1
5130 1
5131 1
5132 1
5133 1
5134 1
5135 1
5136 1
5137 1
5138 1
5139 1
5140 1
5141 1
5142 1
5143 1
5144 1
5145 1
5146 4
5147 4
5148 4
5149 4
5150 4
5151 4
5152 4
5153 4
5154 4
5155 4
5156 4
5157 4
5158 4
5159 4
5160 4
5161 4
5162 4
5163 4
5164 4
5165 4
5166 4
5167 4
5168 4
5169 4
5170 4
5171 4
5172 4
5173 4
5174 4
5175 4
5176 4
5177 4
5178 4
5179 4
5180 4
5181 4
5182 4
5183 4
5184 4
5185 4
5186 4
5187 4
5188 4
5189 4
5190 4
5191 4
5192 4
5193 4
5194 4
5195 4
5196 4
5197 4
5198 4
5199 4
5200 4
5201 4
5202 4
5203 4
5204 4
5205 4
5206 4
5207 4
5208 4
5209 4
5210 4
5211 27
5212 27
5213 27
5214 27
5215 27
5216 27
5217 27
5218 27
5219 27
5220 27
5221 27
5222 27
5223 27
5224 27
5225 27
5226 27
5227 27
5228 27
5229 27
5230 27
5231 27
5232 27
5233 27
5234 27
5235 27
5236 27
5237 27
5238 27
5239 27
5240 27
5241 27
5242 27
5243 27
5244 27
5245 27
5246 27
5247 27
5248 27
5249 27
5250 27
5251 27
5252 27
5253 27
5254 27
5255 27
5256 27
5257 27
5258 27
5259 27
5260 27
5261 27
5262 27
5263 27
5264 27
5265 27
5266 27
5267 27
5268 27
5269 27
5270 27
5271 27
5272 27
5273 27
5274 27
5275 27
5276 27
5277 69
5278 69
5279 69
5280 69
5281 69
5282 69
5283 69
5284 69
5285 69
5286 69
5287 69
5288 69
5289 69
5290 69
5291 69
5292 69
5293 69
5294 69
5295 69
5296 69
5297 69
5298 69
5299 69
5300 69
5301 69
5302 69
5303 69
5304 69
5305 69
5306 69
5307 69
5308 69
5309 69
5310 69
5311 69
5312 69
5313 69
5314 69
5315 69
5316 69
5317 69
5318 69
5319 69
5320 69
5321 69
5322 69
5323 69
5324 69
5325 69
5326 69
5327 69
5328 69
5329 69
5330 69
5331 69
5332 69
5333 69
5334 69
5335 69
5336 69
5337 69
5338 69
5339 21
5340 21
5341 21
5342 21
5343 21
5344 21
5345 21
5346 21
5347 21
5348 21
5349 21
5350 21
5351 21
5352 21
5353 21
5354 21
5355 21
5356 21
5357 21
5358 21
5359 21
5360 21
5361 21
5362 21
5363 21
5364 21
5365 21
5366 21
5367 21
5368 21
5369 21
5370 21
5371 21
5372 21
5373 21
5374 21
5375 21
5376 21
5377 21
5378 21
5379 21
5380 21
5381 21
5382 21
5383 21
5384 21
5385 21
5386 21
5387 21
5388 21
5389 21
5390 21
5391 21
5392 21
5393 21
5394 21
5395 21
5396 21
5397 21
5398 53
5399 53
5400 53
5401 53
5402 53
5403 53
5404 53
5405 53
5406 53
5407 53
5408 53
5409 53
5410 53
5411 53
5412 53
5413 53
5414 53
5415 53
5416 53
5417 53
5418 53
5419 53
5420 53
5421 53
5422 53
5423 53
5424 53
5425 53
5426 53
5427 53
5428 53
5429 53
5430 53
5431 53
5432 53
5433 53
5434 53
5435 53
5436 53
5437 53
5438 53
5439 53
5440 53
5441 53
5442 53
5443 53
5444 53
5445 53
5446 53
5447 53
5448 53
5449 53
5450 53
5451 53
5452 53
5453 53
5454 53
5455 53
5456 53
5457 53
5458 53
5459 86
5460 86
5461 86
5462 86
5463 86
5464 86
5465 86
5466 86
5467 86
5468 86
5469 86
5470 86
5471 86
5472 86
5473 86
5474 86
5475 86
5476 86
5477 86
5478 86
5479 86
5480 86
5481 86
5482 86
5483 86
5484 86
5485 86
5486 86
5487 86
5488 86
5489 86
5490 86
5491 86
5492 86
5493 86
5494 86
5495 86
5496 86
5497 86
5498 86
5499 86
5500 86
5501 86
5502 86
5503 86
5504 86
5505 86
5506 86
5507 86
5508 86
5509 86
5510 86
5511 86
5512 86
5513 86
5514 86
5515 86
5516 86
5517 86
5518 86
5519 86
5520 86
5521 86
5522 65
5523 65
5524 65
5525 65
5526 65
5527 65
5528 65
5529 65
5530 65
5531 65
5532 65
5533 65
5534 65
5535 65
5536 65
5537 65
5538 65
5539 65
5540 65
5541 65
5542 65
5543 65
5544 65
5545 65
5546 65
5547 65
5548 65
5549 65
5550 65
5551 65
5552 65
5553 65
5554 65
5555 65
5556 65
5557 65
5558 65
5559 65
5560 65
5561 65
5562 65
5563 65
5564 65
5565 65
5566 65
5567 65
5568 65
5569 65
5570 65
5571 65
5572 65
5573 65
5574 65
5575 65
5576 65
5577 65
5578 65
5579 65
5580 65
5581 65
5582 65
5583 31
5584 31
5585 31
5586 31
5587 31
5588 31
5589 31
5590 31
5591 31
5592 31
5593 31
5594 31
5595 31
5596 31
5597 31
5598 31
5599 31
5600 31
5601 31
5602 31
5603 31
5604 31
5605 31
5606 31
5607 31
5608 31
5609 31
5610 31
5611 31
5612 31
5613 31
5614 31
5615 31
5616 31
5617 31
5618 31
5619 31
5620 31
5621 31
5622 31
5623 31
5624 31
5625 31
5626 31
5627 31
5628 3
5629 3
5630 3
5631 3
5632 3
5633 3
5634 3
5635 3
5636 3
5637 3
5638 3
5639 3
5640 3
5641 3
5642 3
5643 3
5644 3
5645 3
5646 3
5647 3
5648 3
5649 3
5650 3
5651 3
5652 3
5653 3
5654 3
5655 3
5656 3
5657 3
5658 3
5659 3
5660 3
5661 3
5662 3
5663 3
5664 3
5665 3
5666 3
5667 3
5668 3
5669 3
5670 3
5671 3
5672 3
5673 3
5674 3
5675 3
5676 3
5677 3
5678 3
5679 3
5680 3
5681 3
5682 3
5683 3
5684 41
5685 41
5686 41
5687 41
5688 41
5689 41
5690 41
5691 41
5692 41
5693 41
5694 41
5695 41
5696 41
5697 41
5698 41
5699 41
5700 41
5701 41
5702 41
5703 41
5704 41
5705 41
5706 41
5707 41
5708 41
5709 41
5710 41
5711 41
5712 41
5713 41
5714 41
5715 41
5716 41
5717 41
5718 41
5719 41
5720 41
5721 41
5722 41
5723 41
5724 41
5725 41
5726 41
5727 41
5728 41
5729 41
5730 41
5731 41
5732 41
5733 41
5734 41
5735 41
5736 41
5737 41
5738 41
5739 41
5740 41
5741 41
5742 41
5743 12
5744 12
5745 12
5746 12
5747 12
5748 12
5749 12
5750 12
5751 12
5752 12
5753 12
5754 12
5755 12
5756 12
5757 12
5758 12
5759 12
5760 12
5761 12
5762 12
5763 12
5764 12
5765 12
5766 12
5767 12
5768 12
5769 12
5770 12
5771 12
5772 12
5773 12
5774 12
5775 12
5776 12
5777 12
5778 12
5779 12
5780 12
5781 12
5782 12
5783 12
5784 12
5785 12
5786 12
5787 12
5788 12
5789 12
5790 12
5791 12
5792 37
5793 37
5794 37
5795 37
5796 37
5797 37
5798 37
5799 37
5800 37
5801 37
5802 37
5803 37
5804 37
5805 37
5806 37
5807 37
5808 37
5809 37
5810 37
5811 37
5812 37
5813 37
5814 37
5815 37
5816 37
5817 37
5818 37
5819 37
5820 37
5821 37
5822 37
5823 37
5824 37
5825 37
5826 37
5827 37
5828 37
5829 37
5830 37
5831 37
5832 37
5833 37
5834 37
5835 37
5836 37
5837 37
5838 37
5839 37
5840 37
5841 37
5842 37
5843 37
5844 37
5845 37
5846 37
5847 37
5848 62
5849 62
5850 62
5851 62
5852 62
5853 62
5854 62
5855 62
5856 62
5857 62
5858 62
5859 62
5860 62
5861 62
5862 62
5863 62
5864 62
5865 62
5866 62
5867 62
5868 62
5869 62
5870 62
5871 62
5872 62
5873 62
5874 62
5875 62
5876 62
5877 62
5878 62
5879 62
5880 62
5881 62
5882 62
5883 62
5884 62
5885 62
5886 62
5887 62
5888 62
5889 62
5890 62
5891 62
5892 62
5893 62
5894 62
5895 62
5896 62
5897 62
5898 62
5899 62
5900 62
5901 62
5902 67
5903 67
5904 67
5905 67
5906 67
5907 67
5908 67
5909 67
5910 67
5911 67
5912 67
5913 67
5914 67
5915 67
5916 67
5917 67
5918 67
5919 67
5920 67
5921 67
5922 67
5923 67
5924 67
5925 67
5926 67
5927 67
5928 67
5929 67
5930 67
5931 67
5932 67
5933 67
5934 67
5935 67
5936 67
5937 67
5938 67
5939 67
5940 67
5941 67
5942 67
5943 67
5944 67
5945 67
5946 67
5947 67
5948 67
5949 67
5950 67
5951 67
5952 67
5953 67
5954 67
5955 67
5956 68
5957 68
5958 68
5959 68
5960 68
5961 68
5962 68
5963 68
5964 68
5965 68
5966 68
5967 68
5968 68
5969 68
5970 68
5971 68
5972 68
5973 68
5974 68
5975 68
5976 68
5977 68
5978 68
5979 68
5980 68
5981 68
5982 68
5983 68
5984 68
5985 68
5986 68
5987 68
5988 68
5989 68
5990 68
5991 68
5992 68
5993 68
5994 68
5995 68
5996 68
5997 68
5998 68
5999 68
6000 68
6001 68
6002 68
6003 68
6004 68
6005 68
6006 68
6007 68
6008 68
6009 68
6010 92
6011 92
6012 92
6013 92
6014 92
6015 92
6016 92
6017 92
6018 92
6019 92
6020 92
6021 92
6022 92
6023 92
6024 92
6025 92
6026 92
6027 92
6028 92
6029 92
6030 92
6031 92
6032 92
6033 92
6034 92
6035 92
6036 92
6037 92
6038 92
6039 92
6040 92
6041 92
6042 92
6043 92
6044 92
6045 92
6046 92
6047 92
6048 13
6049 13
6050 13
6051 13
6052 13
6053 13
6054 13
6055 13
6056 13
6057 13
6058 13
6059 13
6060 13
6061 13
6062 13
6063 13
6064 13
6065 13
6066 13
6067 13
6068 13
6069 13
6070 13
6071 13
6072 13
6073 13
6074 13
6075 13
6076 13
6077 13
6078 13
6079 13
6080 13
6081 13
6082 13
6083 13
6084 13
6085 13
6086 13
6087 13
6088 13
6089 13
6090 13
6091 13
6092 13
6093 13
6094 13
6095 13
6096 63
6097 63
6098 63
6099 63
6100 63
6101 63
6102 63
6103 63
6104 63
6105 63
6106 63
6107 63
6108 63
6109 63
6110 63
6111 63
6112 63
6113 63
6114 63
6115 63
6116 63
6117 63
6118 63
6119 63
6120 63
6121 63
6122 63
6123 63
6124 63
6125 63
6126 63
6127 63
6128 63
6129 63
6130 63
6131 63
6132 63
6133 63
6134 63
6135 63
6136 63
6137 63
6138 63
6139 63
6140 63
6141 63
6142 63
6143 63
6144 63
6145 63
6146 63
6147 63
6148 18
6149 18
6150 18
6151 18
6152 18
6153 18
6154 18
6155 18
6156 18
6157 18
6158 18
6159 18
6160 18
6161 18
6162 18
6163 18
6164 18
6165 18
6166 18
6167 18
6168 18
6169 18
6170 18
6171 18
6172 18
6173 18
6174 18
6175 18
6176 18
6177 18
6178 18
6179 18
6180 18
6181 18
6182 18
6183 18
6184 18
6185 18
6186 18
6187 18
6188 18
6189 18
6190 18
6191 18
6192 18
6193 18
6194 18
6195 18
6196 18
6197 48
6198 48
6199 48
6200 48
6201 48
6202 48
6203 48
6204 48
6205 48
6206 48
6207 48
6208 48
6209 48
6210 48
6211 48
6212 48
6213 48
6214 48
6215 48
6216 48
6217 48
6218 48
6219 48
6220 48
6221 48
6222 48
6223 48
6224 48
6225 48
6226 48
6227 48
6228 48
6229 48
6230 48
6231 48
6232 48
6233 48
6234 48
6235 48
6236 48
6237 48
6238 48
6239 48
6240 48
6241 48
6242 48
6243 48
6244 48
6245 48
6246 60
6247 60
6248 60
6249 60
6250 60
6251 60
6252 60
6253 60
6254 60
6255 60
6256 60
6257 60
6258 60
6259 60
6260 60
6261 60
6262 60
6263 60
6264 60
6265 60
6266 60
6267 60
6268 60
6269 60
6270 60
6271 60
6272 60
6273 60
6274 60
6275 60
6276 60
6277 60
6278 60
6279 60
6280 60
6281 60
6282 60
6283 60
6284 60
6285 60
6286 60
6287 60
6288 60
6289 60
6290 60
6291 60
6292 60
6293 60
6294 60
6295 60
6296 49
6297 49
6298 49
6299 49
6300 49
6301 49
6302 49
6303 49
6304 49
6305 49
6306 49
6307 49
6308 49
6309 49
6310 49
6311 49
6312 49
6313 49
6314 49
6315 49
6316 49
6317 49
6318 49
6319 49
6320 49
6321 49
6322 49
6323 49
6324 49
6325 49
6326 49
6327 49
6328 49
6329 49
6330 49
6331 49
6332 49
6333 49
6334 49
6335 49
6336 49
6337 49
6338 49
6339 49
6340 49
6341 49
6342 49
6343 49
6344 49
6345 14
6346 14
6347 14
6348 14
6349 14
6350 14
6351 14
6352 14
6353 14
6354 14
6355 14
6356 14
6357 14
6358 14
6359 14
6360 14
6361 14
6362 14
6363 14
6364 14
6365 14
6366 14
6367 14
6368 14
6369 14
6370 14
6371 14
6372 14
6373 14
6374 14
6375 14
6376 14
6377 14
6378 14
6379 14
6380 14
6381 14
6382 14
6383 14
6384 14
6385 14
6386 14
6387 14
6388 14
6389 14
6390 14
6391 14
6392 14
6393 14
6394 8
6395 8
6396 8
6397 8
6398 8
6399 8
6400 8
6401 8
6402 8
6403 8
6404 8
6405 8
6406 8
6407 8
6408 8
6409 8
6410 8
6411 8
6412 8
6413 8
6414 8
6415 8
6416 8
6417 8
6418 8
6419 8
6420 8
6421 8
6422 8
6423 8
6424 8
6425 8
6426 8
6427 8
6428 8
6429 8
6430 8
6431 8
6432 8
6433 8
6434 8
6435 8
6436 8
6437 8
6438 8
6439 8
6440 32
6441 32
6442 32
6443 32
6444 32
6445 32
6446 32
6447 32
6448 32
6449 32
6450 32
6451 32
6452 32
6453 32
6454 32
6455 32
6456 32
6457 32
6458 32
6459 32
6460 32
6461 32
6462 32
6463 32
6464 32
6465 32
6466 32
6467 32
6468 32
6469 32
6470 32
6471 32
6472 32
6473 32
6474 32
6475 32
6476 32
6477 32
6478 32
6479 32
6480 32
6481 32
6482 32
6483 32
6484 32
6485 32
6486 25
6487 25
6488 25
6489 25
6490 25
6491 25
6492 25
6493 25
6494 25
6495 25
6496 25
6497 25
6498 25
6499 25
6500 25
6501 25
6502 25
6503 25
6504 25
6505 25
6506 25
6507 25
6508 25
6509 25
6510 25
6511 25
6512 25
6513 25
6514 25
6515 25
6516 25
6517 25
6518 25
6519 25
6520 25
6521 25
6522 25
6523 25
6524 25
6525 25
6526 25
6527 49
6528 49
6529 49
6530 49
6531 49
6532 49
6533 49
6534 49
6535 49
6536 49
6537 49
6538 49
6539 49
6540 49
6541 49
6542 49
6543 49
6544 49
6545 49
6546 49
6547 49
6548 49
6549 49
6550 49
6551 49
6552 49
6553 49
6554 49
6555 49
6556 49
6557 49
6558 49
6559 49
6560 49
6561 49
6562 49
6563 49
6564 49
6565 49
6566 49
6567 49
6568 49
6569 49
6570 24
6571 24
6572 24
6573 24
6574 24
6575 24
6576 24
6577 24
6578 24
6579 24
6580 24
6581 24
6582 24
6583 24
6584 24
6585 24
6586 24
6587 24
6588 24
6589 24
6590 24
6591 24
6592 24
6593 24
6594 24
6595 24
6596 24
6597 24
6598 24
6599 24
6600 24
6601 24
6602 24
6603 24
6604 24
6605 24
6606 24
6607 24
6608 24
6609 24
6610 24
6611 2
6612 2
6613 2
6614 2
6615 2
6616 2
6617 2
6618 2
6619 2
6620 2
6621 2
6622 2
6623 2
6624 2
6625 2
6626 2
6627 2
6628 2
6629 2
6630 2
6631 2
6632 2
6633 2
6634 2
6635 2
6636 2
6637 2
6638 2
6639 2
6640 2
6641 2
6642 2
6643 2
6644 2
6645 2
6646 2
6647 2
6648 2
6649 2
6650 2
6651 15
6652 15
6653 15
6654 15
6655 15
6656 15
6657 15
6658 15
6659 15
6660 15
6661 15
6662 15
6663 15
6664 15
6665 15
6666 15
6667 15
6668 15
6669 15
6670 15
6671 15
6672 15
6673 15
6674 15
6675 15
6676 15
6677 15
6678 15
6679 15
6680 15
6681 15
6682 15
6683 15
6684 15
6685 15
6686 15
6687 15
6688 15
6689 15
6690 15
6691 15
6692 78
6693 78
6694 78
6695 78
6696 78
6697 78
6698 78
6699 78
6700 78
6701 78
6702 78
6703 78
6704 78
6705 78
6706 78
6707 78
6708 78
6709 78
6710 78
6711 78
6712 78
6713 78
6714 78
6715 78
6716 78
6717 78
6718 78
6719 78
6720 78
6721 78
6722 78
6723 78
6724 78
6725 78
6726 78
6727 78
6728 78
6729 78
6730 78
6731 78
6732 78
6733 0
6734 0
6735 0
6736 0
6737 0
6738 0
6739 0
6740 0
6741 0
6742 0
6743 0
6744 0
6745 0
6746 0
6747 0
6748 0
6749 0
6750 0
6751 0
6752 0
6753 0
6754 0
6755 0
6756 0
6757 0
6758 0
6759 0
6760 0
6761 0
6762 0
6763 0
6764 0
6765 0
6766 0
6767 0
6768 0
6769 0
6770 0
6771 0
6772 0
6773 20
6774 20
6775 20
6776 20
6777 20
6778 20
6779 20
6780 20
6781 20
6782 20
6783 20
6784 20
6785 20
6786 20
6787 20
6788 20
6789 20
6790 20
6791 20
6792 20
6793 20
6794 20
6795 20
6796 20
6797 20
6798 20
6799 20
6800 20
6801 20
6802 20
6803 20
6804 20
6805 20
6806 20
6807 20
6808 20
6809 20
6810 20
6811 20
6812 20
6813 23
6814 23
6815 23
6816 23
6817 23
6818 23
6819 23
6820 23
6821 23
6822 23
6823 23
6824 23
6825 23
6826 23
6827 23
6828 23
6829 23
6830 23
6831 23
6832 23
6833 23
6834 23
6835 23
6836 23
6837 23
6838 23
6839 23
6840 23
6841 23
6842 23
6843 23
6844 23
6845 23
6846 23
6847 23
6848 23
6849 26
6850 26
6851 26
6852 26
6853 26
6854 26
6855 26
6856 26
6857 26
6858 26
6859 26
6860 26
6861 26
6862 26
6863 26
6864 26
6865 26
6866 26
6867 26
6868 26
6869 26
6870 26
6871 26
6872 26
6873 26
6874 26
6875 26
6876 26
6877 26
6878 26
6879 26
6880 26
6881 26
6882 26
6883 26
6884 26
6885 26
6886 26
6887 26
6888 26
6889 30
6890 30
6891 30
6892 30
6893 30
6894 30
6895 30
6896 30
6897 30
6898 30
6899 30
6900 30
6901 30
6902 30
6903 30
6904 30
6905 30
6906 30
6907 30
6908 30
6909 30
6910 30
6911 30
6912 30
6913 30
6914 30
6915 30
6916 30
6917 30
6918 30
6919 30
6920 30
6921 30
6922 30
6923 30
6924 30
6925 30
6926 30
6927 30
6928 33
6929 33
6930 33
6931 33
6932 33
6933 33
6934 33
6935 33
6936 33
6937 33
6938 33
6939 33
6940 33
6941 33
6942 33
6943 33
6944 33
6945 33
6946 33
6947 33
6948 33
6949 33
6950 33
6951 33
6952 33
6953 33
6954 33
6955 33
6956 33
6957 33
6958 33
6959 33
6960 33
6961 33
6962 33
6963 33
6964 33
6965 33
6966 33
6967 33
6968 34
6969 34
6970 34
6971 34
6972 34
6973 34
6974 34
6975 34
6976 34
6977 34
6978 34
6979 34
6980 34
6981 34
6982 34
6983 34
6984 34
6985 34
6986 34
6987 34
6988 34
6989 34
6990 34
6991 34
6992 34
6993 34
6994 34
6995 34
6996 34
6997 34
6998 34
6999 34
7000 34
7001 34
7002 34
7003 34
7004 34
7005 34
7006 38
7007 38
7008 38
7009 38
7010 38
7011 38
7012 38
7013 38
7014 38
7015 38
7016 38
7017 38
7018 38
7019 38
7020 38
7021 38
7022 38
7023 38
7024 38
7025 38
7026 38
7027 38
7028 38
7029 38
7030 38
7031 38
7032 38
7033 38
7034 38
7035 38
7036 38
7037 38
7038 38
7039 38
7040 38
7041 38
7042 38
7043 38
7044 38
7045 66
7046 66
7047 66
7048 66
7049 66
7050 66
7051 66
7052 66
7053 66
7054 66
7055 66
7056 66
7057 66
7058 66
7059 66
7060 66
7061 66
7062 66
7063 66
7064 66
7065 66
7066 66
7067 66
7068 66
7069 66
7070 66
7071 66
7072 66
7073 66
7074 66
7075 66
7076 66
7077 66
7078 66
7079 66
7080 66
7081 66
7082 66
7083 66
7084 66
7085 9
7086 9
7087 9
7088 9
7089 9
7090 9
7091 9
7092 9
7093 9
7094 9
7095 9
7096 9
7097 9
7098 9
7099 9
7100 9
7101 9
7102 9
7103 9
7104 9
7105 9
7106 9
7107 9
7108 9
7109 9
7110 9
7111 9
7112 9
7113 9
7114 9
7115 9
7116 9
7117 9
7118 9
7119 9
7120 9
7121 9
7122 44
7123 44
7124 44
7125 44
7126 44
7127 44
7128 44
7129 44
7130 44
7131 44
7132 44
7133 44
7134 44
7135 44
7136 44
7137 44
7138 44
7139 44
7140 44
7141 44
7142 44
7143 44
7144 44
7145 44
7146 44
7147 44
7148 44
7149 44
7150 44
7151 44
7152 44
7153 44
7154 44
7155 44
7156 44
7157 44
7158 44
7159 44
7160 44
7161 5
7162 5
7163 5
7164 5
7165 5
7166 5
7167 5
7168 5
7169 5
7170 5
7171 5
7172 5
7173 5
7174 5
7175 5
7176 5
7177 5
7178 5
7179 5
7180 5
7181 5
7182 5
7183 5
7184 5
7185 5
7186 5
7187 5
7188 5
7189 5
7190 5
7191 5
7192 5
7193 5
7194 5
7195 5
7196 5
7197 5
7198 5
7199 6
7200 6
7201 6
7202 6
7203 6
7204 6
7205 6
7206 6
7207 6
7208 6
7209 6
7210 6
7211 6
7212 6
7213 6
7214 6
7215 6
7216 6
7217 6
7218 6
7219 6
7220 6
7221 6
7222 6
7223 6
7224 6
7225 6
7226 6
7227 6
7228 6
7229 6
7230 6
7231 6
7232 6
7233 56
7234 56
7235 56
7236 56
7237 56
7238 56
7239 56
7240 56
7241 56
7242 56
7243 56
7244 56
7245 56
7246 56
7247 56
7248 56
7249 56
7250 56
7251 56
7252 56
7253 56
7254 56
7255 56
7256 56
7257 56
7258 56
7259 56
7260 56
7261 56
7262 56
7263 56
7264 56
7265 56
7266 56
7267 61
7268 61
7269 61
7270 61
7271 61
7272 61
7273 61
7274 61
7275 61
7276 61
7277 61
7278 61
7279 61
7280 61
7281 61
7282 61
7283 88
7284 36
7285 36
7286 36
7287 36
7288 36
7289 36
7290 36
7291 36
7292 36
7293 36
7294 36
7295 36
7296 36
7297 36
7298 89
7299 89
7300 84
7301 92
7302 92
7303 93
7304 93
7305 93
7306 93
7307 93
7308 93
7309 93
7310 93
7311 93
7312 93
7313 93
7314 93
7315 93
7316 93
7317 93
7318 93
7319 93
7320 93
7321 93
7322 93
7323 93
7324 93
7325 93
7326 93
7327 93
7328 93
7329 93
7330 93
7331 93
7332 93
7333 93
7334 93
7335 93
7336 93
7337 93
7338 93
7339 93
7340 93
7341 93
7342 93
7343 93
7344 93
7345 93
7346 93
7347 93
7348 93
7349 93
7350 93
7351 93
7352 93
7353 93
7354 93
7355 93
7356 93
7357 93
7358 93
7359 93
7360 93
7361 93
7362 93
7363 93
7364 93
7365 93
7366 93
7367 93
7368 93
7369 93
7370 93
7371 93
7372 93
7373 93
7374 93
7375 93
7376 93
7377 93
7378 93
7379 93
7380 93
7381 93
7382 93
7383 93
7384 93
7385 93
7386 93
7387 93
7388 93
7389 93
7390 93
7391 93
7392 93
7393 93
7394 93
7395 93
7396 93
7397 93
7398 93
7399 93
7400 93
7401 93
7402 93
7403 93
7404 93
7405 93
7406 93
7407 93
7408 93
7409 93
7410 93
7411 93
7412 93
7413 93
7414 93
7415 93
7416 93
7417 93
7418 93
7419 93
7420 93
7421 93
7422 93
7423 93
7424 93
7425 93
7426 93
7427 93
7428 93
7429 93
7430 93
7431 93
7432 93
7433 93
7434 93
7435 93
7436 93
7437 93
7438 93
7439 93
7440 93
7441 93
7442 93
7443 93
7444 93
7445 93
7446 93
7447 93
7448 93
7449 93
7450 93
7451 93
7452 93
7453 93
7454 93
7455 93
7456 93
7457 93
7458 93
7459 93
7460 93
7461 93
7462 93
7463 93
7464 93
7465 94
7466 94
7467 94
7468 94
7469 94
7470 94
7471 94
7472 94
7473 94
7474 94
7475 94
7476 94
7477 94
7478 94
7479 94
7480 94
7481 94
7482 94
7483 94
7484 94
7485 94
7486 94
7487 94
7488 94
7489 94
7490 94
7491 94
7492 94
7493 94
7494 94
7495 94
7496 94
7497 94
7498 94
7499 94
7500 94
7501 94
7502 94
7503 94
7504 94
7505 94
7506 94
7507 94
7508 94
7509 94
7510 94
7511 94
7512 94
7513 94
7514 94
7515 94
7516 94
7517 94
7518 94
7519 94
7520 94
7521 94
7522 94
7523 94
7524 94
7525 94
7526 94
7527 94
7528 94
7529 94
7530 94
7531 94
7532 94
7533 94
7534 94
7535 94
7536 94
7537 94
7538 94
7539 94
7540 94
7541 94
7542 94
7543 94
7544 94
7545 94
7546 94
7547 94
7548 94
7549 94
7550 94
7551 94
7552 94
7553 94
7554 94
7555 94
7556 94
7557 94
7558 94
7559 94
7560 94
7561 94
7562 94
7563 94
7564 94
7565 94
7566 94
7567 94
7568 94
7569 94
7570 94
7571 94
7572 94
7573 94
7574 94
7575 94
7576 94
7577 94
7578 94
7579 94
7580 94
7581 94
7582 94
7583 94
7584 94
7585 94
7586 94
7587 94
7588 94
7589 94
7590 94
7591 94
7592 94
7593 95
7594 95
7595 95
7596 95
7597 95
7598 95
7599 95
7600 95
7601 95
7602 95
7603 95
7604 95
7605 95
7606 95
7607 95
7608 95
7609 95
7610 95
7611 95
7612 95
7613 95
7614 95
7615 95
7616 95
7617 95
7618 95
7619 95
7620 95
7621 95
7622 95
7623 95
7624 95
7625 95
7626 95
7627 95
7628 95
7629 95
7630 95
7631 95
7632 95
7633 95
7634 95
7635 95
7636 95
7637 95
7638 95
7639 95
7640 95
7641 95
7642 95
7643 95
7644 95
7645 95
7646 95
7647 95
7648 95
7649 95
7650 95
7651 95
7652 95
7653 95
7654 95
7655 95
7656 95
7657 95
7658 95
7659 95
7660 95
7661 95
7662 95
7663 95
7664 95
7665 95
7666 95
7667 95
7668 95
7669 95
7670 95
7671 95
7672 95
7673 95
7674 95
7675 95
7676 95
7677 95
7678 95
7679 95
7680 95
7681 95
7682 95
7683 95
7684 96
7685 96
7686 96
7687 96
7688 96
7689 96
7690 96
7691 96
7692 96
7693 96
7694 96
7695 96
7696 96
7697 96
7698 96
7699 96
7700 96
7701 96
7702 96
7703 96
7704 96
7705 96
7706 96
7707 96
7708 96
7709 96
7710 96
7711 96
7712 96
7713 96
7714 96
7715 96
7716 96
7717 96
7718 96
7719 96
7720 96
7721 96
7722 96
7723 96
7724 96
7725 96
7726 96
7727 96
7728 96
7729 96
7730 96
7731 96
7732 96
7733 96
7734 96
7735 96
7736 96
7737 96
7738 96
7739 96
7740 96
7741 96
7742 96
7743 96
7744 96
7745 96
7746 96
7747 96
7748 96
7749 96
7750 97
7751 97
7752 97
7753 97
7754 97
7755 97
7756 97
7757 97
7758 97
7759 97
7760 97
7761 97
7762 97
7763 97
7764 97
7765 97
7766 97
7767 97
7768 97
7769 97
7770 97
7771 97
7772 97
7773 97
7774 97
7775 97
7776 97
7777 97
7778 97
7779 97
7780 97
7781 97
7782 97
7783 97
7784 97
7785 97
7786 97
7787 97
7788 97
7789 97
7790 97
7791 97
7792 97
7793 97
7794 97
7795 97
7796 97
7797 97
7798 97
7799 97
7800 97
7801 97
7802 97
7803 97
7804 97
7805 97
7806 97
7807 97
7808 97
7809 97
7810 97
7811 97
7812 97
7813 97
7814 97
7815 97
7816 97
7817 97
7818 97
7819 97
7820 97
7821 97
7822 97
7823 97
7824 97
7825 97
7826 97
7827 97
7828 97
7829 97
7830 97
7831 97
7832 98
7833 98
7834 98
7835 98
7836 98
7837 98
7838 98
7839 98
7840 98
7841 98
7842 98
7843 98
7844 98
7845 98
7846 98
7847 98
7848 98
7849 98
7850 98
7851 98
7852 98
7853 98
7854 98
7855 98
7856 98
7857 98
7858 98
7859 98
7860 98
7861 98
7862 98
7863 98
7864 98
7865 98
7866 98
7867 98
7868 98
7869 98
7870 98
7871 98
7872 98
7873 98
7874 98
7875 98
7876 98
7877 98
7878 98
7879 98
7880 98
7881 98
7882 98
7883 98
7884 98
7885 98
7886 98
7887 98
7888 98
7889 98
7890 98
7891 98
7892 99
7893 99
7894 99
7895 99
7896 99
7897 99
7898 99
7899 99
7900 99
7901 99
7902 99
7903 99
7904 99
7905 99
7906 99
7907 99
7908 99
7909 99
7910 99
7911 99
7912 99
7913 99
7914 99
7915 99
7916 99
7917 99
7918 99
7919 99
7920 99
7921 99
7922 99
7923 99
7924 99
7925 99
7926 99
7927 99
7928 99
7929 99
7930 99
7931 99
7932 99
7933 99
7934 99
7935 99
7936 99
7937 99
7938 99
7939 99
7940 99
7941 100
7942 100
7943 100
7944 100
7945 100
7946 100
7947 100
7948 100
7949 100
7950 100
7951 100
7952 100
7953 100
7954 100
7955 100
7956 100
7957 100
7958 100
7959 100
7960 100
7961 100
7962 100
7963 100
7964 100
7965 100
7966 100
7967 100
7968 100
7969 100
7970 100
7971 100
7972 100
7973 100
7974 100
7975 100
7976 100
7977 100
7978 100
7979 100
7980 100
7981 100
7982 100
7983 100
7984 100
7985 100
7986 100
7987 100
7988 100
7989 100
7990 100
7991 100
7992 100
7993 100
7994 100
7995 100
7996 100
7997 100
7998 100
7999 101
8000 101
8001 101
8002 101
8003 101
8004 101
8005 101
8006 101
8007 101
8008 101
8009 101
8010 101
8011 101
8012 101
8013 101
8014 101
8015 101
8016 101
8017 101
8018 101
8019 101
8020 101
8021 101
8022 101
8023 101
8024 101
8025 101
8026 101
8027 101
8028 101
8029 101
8030 101
8031 101
8032 101
8033 101
8034 101
8035 101
8036 101
8037 101
8038 101
8039 101
8040 101
8041 101
8042 101
8043 101
8044 101
8045 101
8046 101
8047 23
8048 23
8049 23
8050 23
8051 23
8052 23
8053 90
8054 90
8055 90
8056 90
8057 90
8058 90
8059 90
8060 90
8061 98
8062 98
8063 98
8064 30
8065 30
8066 30
8067 30
8068 30
8069 30
8070 30
8071 30
8072 30
8073 30
8074 30
8075 30
8076 30
8077 66
8078 66
8079 38
8080 38
8081 87
8082 87
8083 34
8084 34
8085 34
8086 34
8087 34
8088 70
8089 9
8090 9
8091 9
8092 9
8093 9
8094 9
8095 9
8096 9
8097 44
8098 6
8099 6
8100 6
8101 6
8102 6
8103 6
8104 5
8105 5
8106 5
8107 5
8108 5
8109 5
8110 5
8111 92
8112 92
8113 92
8114 92
8115 92
8116 92
8117 56
8118 56
8119 56
8120 56
8121 56
8122 56
8123 56
8124 56
8125 56
8126 56
8127 56
8128 56
8129 56
8130 56
8131 56
8132 56
8133 56
8134 56
8135 56
8136 56
8137 56
8138 56
8139 56
8140 56
8141 56
8142 56
8143 56
8144 56
8145 56
8146 56
8147 56
8148 56
8149 56
8150 61
8151 61
8152 61
8153 61
8154 61
8155 61
8156 61
8157 61
8158 61
8159 61
8160 61
8161 61
8162 61
8163 61
8164 61
8165 61
8166 61
8167 61
8168 61
8169 61
8170 61
8171 61
8172 61
8173 61
8174 61
8175 61
8176 61
8177 61
8178 61
8179 61
8180 61
8181 61
8182 61
8183 61
8184 61
8185 61
8186 61
8187 61
8188 61
